p cnf 304 884
p Alive Cells 4
p input3.txt
7 0
54 0
-56 0
-26 1 8 0
-1 26 0
-8 26 0
27 -1 -8 0
-27 1 0
-27 8 0
-28 2 11 0
-2 28 0
-11 28 0
29 -2 -11 0
-29 2 0
-29 11 0
-30 3 12 0
-3 30 0
-12 30 0
31 -3 -12 0
-31 3 0
-31 12 0
-32 6 13 0
-6 32 0
-13 32 0
33 -6 -13 0
-33 6 0
-33 13 0
-34 26 30 0
-26 34 0
-30 34 0
35 -26 -30 0
-35 26 0
-35 30 0
-36 28 32 0
-28 36 0
-32 36 0
37 -28 -32 0
-37 28 0
-37 32 0
-38 27 31 0
-27 38 0
-31 38 0
39 -27 -31 0
-39 27 0
-39 31 0
-40 29 33 0
-29 40 0
-33 40 0
41 -29 -33 0
-41 29 0
-41 33 0
42 -34 -36 0
-42 34 0
-42 36 0
-43 35 38 0
-35 43 0
-38 43 0
44 -35 -38 0
-44 35 0
-44 38 0
-45 37 40 0
-37 45 0
-40 45 0
46 -37 -40 0
-46 37 0
-46 40 0
-47 39 41 0
-39 47 0
-41 47 0
-48 43 45 0
-43 48 0
-45 48 0
49 -43 -45 0
-49 43 0
-49 45 0
-50 44 46 0
-44 50 0
-46 50 0
-51 42 50 0
-42 51 0
-50 51 0
52 -42 -50 0
-52 42 0
-52 50 0
-53 49 47 0
-49 53 0
-47 53 0
-54 51 48 0
-51 54 0
-48 54 0
55 -51 -48 0
-55 51 0
-55 48 0
-56 53 52 0
-53 56 0
-52 56 0
8 0
147 0
-149 0
-119 2 9 0
-2 119 0
-9 119 0
120 -2 -9 0
-120 2 0
-120 9 0
-121 3 12 0
-3 121 0
-12 121 0
122 -3 -12 0
-122 3 0
-122 12 0
-123 4 13 0
-4 123 0
-13 123 0
124 -4 -13 0
-124 4 0
-124 13 0
-125 7 14 0
-7 125 0
-14 125 0
126 -7 -14 0
-126 7 0
-126 14 0
-127 119 123 0
-119 127 0
-123 127 0
128 -119 -123 0
-128 119 0
-128 123 0
-129 121 125 0
-121 129 0
-125 129 0
130 -121 -125 0
-130 121 0
-130 125 0
-131 120 124 0
-120 131 0
-124 131 0
132 -120 -124 0
-132 120 0
-132 124 0
-133 122 126 0
-122 133 0
-126 133 0
134 -122 -126 0
-134 122 0
-134 126 0
135 -127 -129 0
-135 127 0
-135 129 0
-136 128 131 0
-128 136 0
-131 136 0
137 -128 -131 0
-137 128 0
-137 131 0
-138 130 133 0
-130 138 0
-133 138 0
139 -130 -133 0
-139 130 0
-139 133 0
-140 132 134 0
-132 140 0
-134 140 0
-141 136 138 0
-136 141 0
-138 141 0
142 -136 -138 0
-142 136 0
-142 138 0
-143 137 139 0
-137 143 0
-139 143 0
-144 135 143 0
-135 144 0
-143 144 0
145 -135 -143 0
-145 135 0
-145 143 0
-146 142 140 0
-142 146 0
-140 146 0
-147 144 141 0
-144 147 0
-141 147 0
148 -144 -141 0
-148 144 0
-148 141 0
-149 146 145 0
-146 149 0
-145 149 0
9 -241 242 0
-9 240 0
-9 -242 0
-212 3 10 0
-3 212 0
-10 212 0
213 -3 -10 0
-213 3 0
-213 10 0
-214 4 13 0
-4 214 0
-13 214 0
215 -4 -13 0
-215 4 0
-215 13 0
-216 5 14 0
-5 216 0
-14 216 0
217 -5 -14 0
-217 5 0
-217 14 0
-218 8 15 0
-8 218 0
-15 218 0
219 -8 -15 0
-219 8 0
-219 15 0
-220 212 216 0
-212 220 0
-216 220 0
221 -212 -216 0
-221 212 0
-221 216 0
-222 214 218 0
-214 222 0
-218 222 0
223 -214 -218 0
-223 214 0
-223 218 0
-224 213 217 0
-213 224 0
-217 224 0
225 -213 -217 0
-225 213 0
-225 217 0
-226 215 219 0
-215 226 0
-219 226 0
227 -215 -219 0
-227 215 0
-227 219 0
228 -220 -222 0
-228 220 0
-228 222 0
-229 221 224 0
-221 229 0
-224 229 0
230 -221 -224 0
-230 221 0
-230 224 0
-231 223 226 0
-223 231 0
-226 231 0
232 -223 -226 0
-232 223 0
-232 226 0
-233 225 227 0
-225 233 0
-227 233 0
-234 229 231 0
-229 234 0
-231 234 0
235 -229 -231 0
-235 229 0
-235 231 0
-236 230 232 0
-230 236 0
-232 236 0
-237 228 236 0
-228 237 0
-236 237 0
238 -228 -236 0
-238 228 0
-238 236 0
-239 235 233 0
-235 239 0
-233 239 0
-240 237 234 0
-237 240 0
-234 240 0
241 -237 -234 0
-241 237 0
-241 234 0
-242 239 238 0
-239 242 0
-238 242 0
12 0
85 0
-87 0
-57 6 13 0
-6 57 0
-13 57 0
58 -6 -13 0
-58 6 0
-58 13 0
-59 7 16 0
-7 59 0
-16 59 0
60 -7 -16 0
-60 7 0
-60 16 0
-61 8 17 0
-8 61 0
-17 61 0
62 -8 -17 0
-62 8 0
-62 17 0
-63 11 18 0
-11 63 0
-18 63 0
64 -11 -18 0
-64 11 0
-64 18 0
-65 57 61 0
-57 65 0
-61 65 0
66 -57 -61 0
-66 57 0
-66 61 0
-67 59 63 0
-59 67 0
-63 67 0
68 -59 -63 0
-68 59 0
-68 63 0
-69 58 62 0
-58 69 0
-62 69 0
70 -58 -62 0
-70 58 0
-70 62 0
-71 60 64 0
-60 71 0
-64 71 0
72 -60 -64 0
-72 60 0
-72 64 0
73 -65 -67 0
-73 65 0
-73 67 0
-74 66 69 0
-66 74 0
-69 74 0
75 -66 -69 0
-75 66 0
-75 69 0
-76 68 71 0
-68 76 0
-71 76 0
77 -68 -71 0
-77 68 0
-77 71 0
-78 70 72 0
-70 78 0
-72 78 0
-79 74 76 0
-74 79 0
-76 79 0
80 -74 -76 0
-80 74 0
-80 76 0
-81 75 77 0
-75 81 0
-77 81 0
-82 73 81 0
-73 82 0
-81 82 0
83 -73 -81 0
-83 73 0
-83 81 0
-84 80 78 0
-80 84 0
-78 84 0
-85 82 79 0
-82 85 0
-79 85 0
86 -82 -79 0
-86 82 0
-86 79 0
-87 84 83 0
-84 87 0
-83 87 0
13 0
178 0
-180 0
-150 7 14 0
-7 150 0
-14 150 0
151 -7 -14 0
-151 7 0
-151 14 0
-152 8 17 0
-8 152 0
-17 152 0
153 -8 -17 0
-153 8 0
-153 17 0
-154 9 18 0
-9 154 0
-18 154 0
155 -9 -18 0
-155 9 0
-155 18 0
-156 12 19 0
-12 156 0
-19 156 0
157 -12 -19 0
-157 12 0
-157 19 0
-158 150 154 0
-150 158 0
-154 158 0
159 -150 -154 0
-159 150 0
-159 154 0
-160 152 156 0
-152 160 0
-156 160 0
161 -152 -156 0
-161 152 0
-161 156 0
-162 151 155 0
-151 162 0
-155 162 0
163 -151 -155 0
-163 151 0
-163 155 0
-164 153 157 0
-153 164 0
-157 164 0
165 -153 -157 0
-165 153 0
-165 157 0
166 -158 -160 0
-166 158 0
-166 160 0
-167 159 162 0
-159 167 0
-162 167 0
168 -159 -162 0
-168 159 0
-168 162 0
-169 161 164 0
-161 169 0
-164 169 0
170 -161 -164 0
-170 161 0
-170 164 0
-171 163 165 0
-163 171 0
-165 171 0
-172 167 169 0
-167 172 0
-169 172 0
173 -167 -169 0
-173 167 0
-173 169 0
-174 168 170 0
-168 174 0
-170 174 0
-175 166 174 0
-166 175 0
-174 175 0
176 -166 -174 0
-176 166 0
-176 174 0
-177 173 171 0
-173 177 0
-171 177 0
-178 175 172 0
-175 178 0
-172 178 0
179 -175 -172 0
-179 175 0
-179 172 0
-180 177 176 0
-177 180 0
-176 180 0
14 -272 273 0
-14 271 0
-14 -273 0
-243 8 15 0
-8 243 0
-15 243 0
244 -8 -15 0
-244 8 0
-244 15 0
-245 9 18 0
-9 245 0
-18 245 0
246 -9 -18 0
-246 9 0
-246 18 0
-247 10 19 0
-10 247 0
-19 247 0
248 -10 -19 0
-248 10 0
-248 19 0
-249 13 20 0
-13 249 0
-20 249 0
250 -13 -20 0
-250 13 0
-250 20 0
-251 243 247 0
-243 251 0
-247 251 0
252 -243 -247 0
-252 243 0
-252 247 0
-253 245 249 0
-245 253 0
-249 253 0
254 -245 -249 0
-254 245 0
-254 249 0
-255 244 248 0
-244 255 0
-248 255 0
256 -244 -248 0
-256 244 0
-256 248 0
-257 246 250 0
-246 257 0
-250 257 0
258 -246 -250 0
-258 246 0
-258 250 0
259 -251 -253 0
-259 251 0
-259 253 0
-260 252 255 0
-252 260 0
-255 260 0
261 -252 -255 0
-261 252 0
-261 255 0
-262 254 257 0
-254 262 0
-257 262 0
263 -254 -257 0
-263 254 0
-263 257 0
-264 256 258 0
-256 264 0
-258 264 0
-265 260 262 0
-260 265 0
-262 265 0
266 -260 -262 0
-266 260 0
-266 262 0
-267 261 263 0
-261 267 0
-263 267 0
-268 259 267 0
-259 268 0
-267 268 0
269 -259 -267 0
-269 259 0
-269 267 0
-270 266 264 0
-266 270 0
-264 270 0
-271 268 265 0
-268 271 0
-265 271 0
272 -268 -265 0
-272 268 0
-272 265 0
-273 270 269 0
-270 273 0
-269 273 0
17 -117 118 0
-17 116 0
-17 -118 0
-88 11 18 0
-11 88 0
-18 88 0
89 -11 -18 0
-89 11 0
-89 18 0
-90 12 21 0
-12 90 0
-21 90 0
91 -12 -21 0
-91 12 0
-91 21 0
-92 13 22 0
-13 92 0
-22 92 0
93 -13 -22 0
-93 13 0
-93 22 0
-94 16 23 0
-16 94 0
-23 94 0
95 -16 -23 0
-95 16 0
-95 23 0
-96 88 92 0
-88 96 0
-92 96 0
97 -88 -92 0
-97 88 0
-97 92 0
-98 90 94 0
-90 98 0
-94 98 0
99 -90 -94 0
-99 90 0
-99 94 0
-100 89 93 0
-89 100 0
-93 100 0
101 -89 -93 0
-101 89 0
-101 93 0
-102 91 95 0
-91 102 0
-95 102 0
103 -91 -95 0
-103 91 0
-103 95 0
104 -96 -98 0
-104 96 0
-104 98 0
-105 97 100 0
-97 105 0
-100 105 0
106 -97 -100 0
-106 97 0
-106 100 0
-107 99 102 0
-99 107 0
-102 107 0
108 -99 -102 0
-108 99 0
-108 102 0
-109 101 103 0
-101 109 0
-103 109 0
-110 105 107 0
-105 110 0
-107 110 0
111 -105 -107 0
-111 105 0
-111 107 0
-112 106 108 0
-106 112 0
-108 112 0
-113 104 112 0
-104 113 0
-112 113 0
114 -104 -112 0
-114 104 0
-114 112 0
-115 111 109 0
-111 115 0
-109 115 0
-116 113 110 0
-113 116 0
-110 116 0
117 -113 -110 0
-117 113 0
-117 110 0
-118 115 114 0
-115 118 0
-114 118 0
18 -210 211 0
-18 209 0
-18 -211 0
-181 12 19 0
-12 181 0
-19 181 0
182 -12 -19 0
-182 12 0
-182 19 0
-183 13 22 0
-13 183 0
-22 183 0
184 -13 -22 0
-184 13 0
-184 22 0
-185 14 23 0
-14 185 0
-23 185 0
186 -14 -23 0
-186 14 0
-186 23 0
-187 17 24 0
-17 187 0
-24 187 0
188 -17 -24 0
-188 17 0
-188 24 0
-189 181 185 0
-181 189 0
-185 189 0
190 -181 -185 0
-190 181 0
-190 185 0
-191 183 187 0
-183 191 0
-187 191 0
192 -183 -187 0
-192 183 0
-192 187 0
-193 182 186 0
-182 193 0
-186 193 0
194 -182 -186 0
-194 182 0
-194 186 0
-195 184 188 0
-184 195 0
-188 195 0
196 -184 -188 0
-196 184 0
-196 188 0
197 -189 -191 0
-197 189 0
-197 191 0
-198 190 193 0
-190 198 0
-193 198 0
199 -190 -193 0
-199 190 0
-199 193 0
-200 192 195 0
-192 200 0
-195 200 0
201 -192 -195 0
-201 192 0
-201 195 0
-202 194 196 0
-194 202 0
-196 202 0
-203 198 200 0
-198 203 0
-200 203 0
204 -198 -200 0
-204 198 0
-204 200 0
-205 199 201 0
-199 205 0
-201 205 0
-206 197 205 0
-197 206 0
-205 206 0
207 -197 -205 0
-207 197 0
-207 205 0
-208 204 202 0
-204 208 0
-202 208 0
-209 206 203 0
-206 209 0
-203 209 0
210 -206 -203 0
-210 206 0
-210 203 0
-211 208 207 0
-208 211 0
-207 211 0
19 -303 304 0
-19 302 0
-19 -304 0
-274 13 20 0
-13 274 0
-20 274 0
275 -13 -20 0
-275 13 0
-275 20 0
-276 14 23 0
-14 276 0
-23 276 0
277 -14 -23 0
-277 14 0
-277 23 0
-278 15 24 0
-15 278 0
-24 278 0
279 -15 -24 0
-279 15 0
-279 24 0
-280 18 25 0
-18 280 0
-25 280 0
281 -18 -25 0
-281 18 0
-281 25 0
-282 274 278 0
-274 282 0
-278 282 0
283 -274 -278 0
-283 274 0
-283 278 0
-284 276 280 0
-276 284 0
-280 284 0
285 -276 -280 0
-285 276 0
-285 280 0
-286 275 279 0
-275 286 0
-279 286 0
287 -275 -279 0
-287 275 0
-287 279 0
-288 277 281 0
-277 288 0
-281 288 0
289 -277 -281 0
-289 277 0
-289 281 0
290 -282 -284 0
-290 282 0
-290 284 0
-291 283 286 0
-283 291 0
-286 291 0
292 -283 -286 0
-292 283 0
-292 286 0
-293 285 288 0
-285 293 0
-288 293 0
294 -285 -288 0
-294 285 0
-294 288 0
-295 287 289 0
-287 295 0
-289 295 0
-296 291 293 0
-291 296 0
-293 296 0
297 -291 -293 0
-297 291 0
-297 293 0
-298 292 294 0
-292 298 0
-294 298 0
-299 290 298 0
-290 299 0
-298 299 0
300 -290 -298 0
-300 290 0
-300 298 0
-301 297 295 0
-297 301 0
-295 301 0
-302 299 296 0
-299 302 0
-296 302 0
303 -299 -296 0
-303 299 0
-303 296 0
-304 301 300 0
-301 304 0
-300 304 0
-1 0
-5 0
-6 0
-10 0
-11 0
-15 0
-16 0
-20 0
-21 0
-25 0
-2 0
-22 0
-3 0
-23 0
-4 0
-24 0
-7 -8 -9 0
-17 -18 -19 0
-7 -12 -17 0
-9 -14 -19 0
